1.000000000000000000e+00,6.408656859878733014e-01,5.661396096164842406e-01,5.861708529308267135e-01,4.690356721293193476e-01,6.893585546461397096e-01,5.606599875958802048e-01,3.948203090287386030e-01,4.647978127040009455e-01,4.485091782163625473e-01,7.584958862370060340e-01,5.153498311286354161e-01,6.404986229778212303e-01,4.910630617860804459e-01,3.339189017698682149e-01,4.688739459537354937e-01,4.755225398545376847e-01,6.293949705081181012e-01,4.000418389490153492e-01,3.434657054358862815e-01
6.408656859878733014e-01,1.000000000000000000e+00,4.045070414174455342e-01,4.561139448160421717e-01,4.233805816345475592e-01,6.896859883500933153e-01,4.598587100928082649e-01,2.595778989050079311e-01,3.144068713750820532e-01,2.867308709894828000e-01,7.143597745912517727e-01,4.441221477767708925e-01,6.184259049640800088e-01,3.136864692033224378e-01,2.341956165760536446e-01,4.202036966361188397e-01,3.263597986289327735e-01,5.034559754808224374e-01,2.833180266559944815e-01,2.161690198039700472e-01
5.661396096164842406e-01,4.045070414174455342e-01,1.000000000000000000e+00,6.104381030465398927e-01,5.966339647260979762e-01,5.549622997662606583e-01,6.064825234790739428e-01,5.397359515162027943e-01,7.880498697769787730e-01,5.695052980403390031e-01,5.928813341851406626e-01,5.438307309563386038e-01,4.538468493846600782e-01,5.632526906189663229e-01,4.728752660083804793e-01,2.812638235224258487e-01,5.791178723969361286e-01,6.687972910581220232e-01,7.118374801225393345e-01,6.034841280440472744e-01
5.861708529308267135e-01,4.561139448160421717e-01,6.104381030465398927e-01,1.000000000000000000e+00,4.943416287327596637e-01,5.551113415398417628e-01,5.410193961788369865e-01,5.014488345073329079e-01,5.297911350779171968e-01,4.722497987708440537e-01,6.276875134548292046e-01,4.861142984477101470e-01,4.875569138854793927e-01,5.112781918131361625e-01,4.353918594978855583e-01,2.734770249577745393e-01,4.702516199228927718e-01,5.891822536863134951e-01,4.818602803971556714e-01,4.102573897264396030e-01
4.690356721293193476e-01,4.233805816345475592e-01,5.966339647260979762e-01,4.943416287327596637e-01,1.000000000000000000e+00,5.112591528644919725e-01,4.966788440536495375e-01,3.219669741742290370e-01,5.924470718143604042e-01,4.575283357894588399e-01,5.062717749442859905e-01,5.075195532125371667e-01,4.082128420402837965e-01,4.004386159334204498e-01,2.797744415793174122e-01,3.119500803032252967e-01,3.657074025862361855e-01,5.902387282045495898e-01,5.219308214178006722e-01,4.631433432810223572e-01
6.893585546461397096e-01,6.896859883500933153e-01,5.549622997662606583e-01,5.551113415398417628e-01,5.112591528644919725e-01,1.000000000000000000e+00,5.399358937084565158e-01,3.730818430487903292e-01,4.722018874953969880e-01,4.252262389134864873e-01,7.936441276549933699e-01,5.081994021347278068e-01,6.386421478922928996e-01,4.208858039898248360e-01,3.202150312721505632e-01,4.026708057957931186e-01,4.557279519388104938e-01,6.347032113350958848e-01,4.321959479061535658e-01,3.574820626857491690e-01
5.606599875958802048e-01,4.598587100928082649e-01,6.064825234790739428e-01,5.410193961788369865e-01,4.966788440536495375e-01,5.399358937084565158e-01,1.000000000000000000e+00,4.195296566537785599e-01,5.414281817463711954e-01,5.565052425041701056e-01,6.231571521431178429e-01,5.480390175426870236e-01,5.128719734775668559e-01,5.793063549971426696e-01,3.608008483514698606e-01,3.291756064997539144e-01,5.129026509351393148e-01,5.814878283162723260e-01,4.892630794551117157e-01,3.598441954662031650e-01
3.948203090287386030e-01,2.595778989050079311e-01,5.397359515162027943e-01,5.014488345073329079e-01,3.219669741742290370e-01,3.730818430487903292e-01,4.195296566537785599e-01,1.000000000000000000e+00,4.127828043348379938e-01,4.253427348605187119e-01,4.488154222896131307e-01,3.530644861816402691e-01,2.646682206953205330e-01,5.974540796994887160e-01,5.446081383251406560e-01,1.325843112909604882e-01,5.171749553637431385e-01,4.525880350491954252e-01,3.681341528289400200e-01,3.193097949586202189e-01
4.647978127040009455e-01,3.144068713750820532e-01,7.880498697769787730e-01,5.297911350779171968e-01,5.924470718143604042e-01,4.722018874953969880e-01,5.414281817463711954e-01,4.127828043348379938e-01,1.000000000000000000e+00,5.251356608696577943e-01,4.896349001572889992e-01,5.003805284959432775e-01,3.879649750570822730e-01,4.473212117796598886e-01,3.859228151939673723e-01,2.703351105593332360e-01,5.044700964130457432e-01,6.154586352532668281e-01,8.227449950881127183e-01,5.944970645814799948e-01
4.485091782163625473e-01,2.867308709894828000e-01,5.695052980403390031e-01,4.722497987708440537e-01,4.575283357894588399e-01,4.252262389134864873e-01,5.565052425041701056e-01,4.253427348605187119e-01,5.251356608696577943e-01,1.000000000000000000e+00,4.926450555472415838e-01,4.620717331661976512e-01,3.512337921741280899e-01,5.459971579742034509e-01,3.091298320532151478e-01,2.815304334858936275e-01,4.873364006529638526e-01,5.784662407722501731e-01,4.772218510595722663e-01,3.809719474417170848e-01
7.584958862370060340e-01,7.143597745912517727e-01,5.928813341851406626e-01,6.276875134548292046e-01,5.062717749442859905e-01,7.936441276549933699e-01,6.231571521431178429e-01,4.488154222896131307e-01,4.896349001572889992e-01,4.926450555472415838e-01,1.000000000000000000e+00,5.453666664472283099e-01,6.949036712264780036e-01,5.330959964714806487e-01,3.818946143120600101e-01,4.544129935343853011e-01,5.287767504982546773e-01,6.916659072121763563e-01,4.314697868517526347e-01,3.388734945717761793e-01
5.153498311286354161e-01,4.441221477767708925e-01,5.438307309563386038e-01,4.861142984477101470e-01,5.075195532125371667e-01,5.081994021347278068e-01,5.480390175426870236e-01,3.530644861816402691e-01,5.003805284959432775e-01,4.620717331661976512e-01,5.453666664472283099e-01,1.000000000000000000e+00,4.821196282924693488e-01,4.063276406941682684e-01,2.935589498237897721e-01,3.255822660770475996e-01,4.156692657065024221e-01,5.596942219496996440e-01,4.642182677906903643e-01,3.751714265315796992e-01
6.404986229778212303e-01,6.184259049640800088e-01,4.538468493846600782e-01,4.875569138854793927e-01,4.082128420402837965e-01,6.386421478922928996e-01,5.128719734775668559e-01,2.646682206953205330e-01,3.879649750570822730e-01,3.512337921741280899e-01,6.949036712264780036e-01,4.821196282924693488e-01,1.000000000000000000e+00,3.378884622388854675e-01,2.430385845463641226e-01,4.727620397278319286e-01,3.776112005036133534e-01,5.622674641902489778e-01,3.396834739613694976e-01,2.770228610780902101e-01
4.910630617860804459e-01,3.136864692033224378e-01,5.632526906189663229e-01,5.112781918131361625e-01,4.004386159334204498e-01,4.208858039898248360e-01,5.793063549971426696e-01,5.974540796994887160e-01,4.473212117796598886e-01,5.459971579742034509e-01,5.330959964714806487e-01,4.063276406941682684e-01,3.378884622388854675e-01,1.000000000000000000e+00,4.602006643102184436e-01,2.061788318705017886e-01,5.224940143927134795e-01,5.009592264368318837e-01,4.224464669418201979e-01,3.484350330840375043e-01
3.339189017698682149e-01,2.341956165760536446e-01,4.728752660083804793e-01,4.353918594978855583e-01,2.797744415793174122e-01,3.202150312721505632e-01,3.608008483514698606e-01,5.446081383251406560e-01,3.859228151939673723e-01,3.091298320532151478e-01,3.818946143120600101e-01,2.935589498237897721e-01,2.430385845463641226e-01,4.602006643102184436e-01,1.000000000000000000e+00,1.053041575964715759e-01,4.361601023056718152e-01,4.031338213856012209e-01,3.512852378748071991e-01,2.945794631172178324e-01
4.688739459537354937e-01,4.202036966361188397e-01,2.812638235224258487e-01,2.734770249577745393e-01,3.119500803032252967e-01,4.026708057957931186e-01,3.291756064997539144e-01,1.325843112909604882e-01,2.703351105593332360e-01,2.815304334858936275e-01,4.544129935343853011e-01,3.255822660770475996e-01,4.727620397278319286e-01,2.061788318705017886e-01,1.053041575964715759e-01,1.000000000000000000e+00,2.319128820581956019e-01,3.704834635914772689e-01,2.419862032828188070e-01,1.952934041889892725e-01
4.755225398545376847e-01,3.263597986289327735e-01,5.791178723969361286e-01,4.702516199228927718e-01,3.657074025862361855e-01,4.557279519388104938e-01,5.129026509351393148e-01,5.171749553637431385e-01,5.044700964130457432e-01,4.873364006529638526e-01,5.287767504982546773e-01,4.156692657065024221e-01,3.776112005036133534e-01,5.224940143927134795e-01,4.361601023056718152e-01,2.319128820581956019e-01,1.000000000000000000e+00,5.363749295134963013e-01,4.429582663705695089e-01,4.032308488843854843e-01
6.293949705081181012e-01,5.034559754808224374e-01,6.687972910581220232e-01,5.891822536863134951e-01,5.902387282045495898e-01,6.347032113350958848e-01,5.814878283162723260e-01,4.525880350491954252e-01,6.154586352532668281e-01,5.784662407722501731e-01,6.916659072121763563e-01,5.596942219496996440e-01,5.622674641902489778e-01,5.009592264368318837e-01,4.031338213856012209e-01,3.704834635914772689e-01,5.363749295134963013e-01,1.000000000000000000e+00,5.436711409184147303e-01,4.738639119187332827e-01
4.000418389490153492e-01,2.833180266559944815e-01,7.118374801225393345e-01,4.818602803971556714e-01,5.219308214178006722e-01,4.321959479061535658e-01,4.892630794551117157e-01,3.681341528289400200e-01,8.227449950881127183e-01,4.772218510595722663e-01,4.314697868517526347e-01,4.642182677906903643e-01,3.396834739613694976e-01,4.224464669418201979e-01,3.512852378748071991e-01,2.419862032828188070e-01,4.429582663705695089e-01,5.436711409184147303e-01,1.000000000000000000e+00,5.797548463286207321e-01
3.434657054358862815e-01,2.161690198039700472e-01,6.034841280440472744e-01,4.102573897264396030e-01,4.631433432810223572e-01,3.574820626857491690e-01,3.598441954662031650e-01,3.193097949586202189e-01,5.944970645814799948e-01,3.809719474417170848e-01,3.388734945717761793e-01,3.751714265315796992e-01,2.770228610780902101e-01,3.484350330840375043e-01,2.945794631172178324e-01,1.952934041889892725e-01,4.032308488843854843e-01,4.738639119187332827e-01,5.797548463286207321e-01,1.000000000000000000e+00
